b1 =

  Columns 1 through 10

   -0.0000   -0.0001   -0.0001   -0.0000    0.0001    0.0002    0.0002   -0.0001   -0.0004   -0.0004

  Columns 11 through 20

    0.0000    0.0005    0.0007    0.0002   -0.0005   -0.0010   -0.0007    0.0004    0.0014    0.0014

  Columns 21 through 30

   -0.0000   -0.0017   -0.0022   -0.0008    0.0017    0.0031    0.0020   -0.0012   -0.0039   -0.0036

  Columns 31 through 40

    0.0000    0.0043    0.0056    0.0020   -0.0041   -0.0075   -0.0048    0.0028    0.0092    0.0085

  Columns 41 through 50

   -0.0000   -0.0101   -0.0129   -0.0046    0.0095    0.0177    0.0114   -0.0066   -0.0225   -0.0212

  Columns 51 through 60

    0.0000    0.0268    0.0359    0.0135   -0.0303   -0.0624   -0.0462    0.0326    0.1509    0.2573

  Columns 61 through 70

    0.3000    0.2573    0.1509    0.0326   -0.0462   -0.0624   -0.0303    0.0135    0.0359    0.0268

  Columns 71 through 80

    0.0000   -0.0212   -0.0225   -0.0066    0.0114    0.0177    0.0095   -0.0046   -0.0129   -0.0101

  Columns 81 through 90

   -0.0000    0.0085    0.0092    0.0028   -0.0048   -0.0075   -0.0041    0.0020    0.0056    0.0043

  Columns 91 through 100

    0.0000   -0.0036   -0.0039   -0.0012    0.0020    0.0031    0.0017   -0.0008   -0.0022   -0.0017

  Columns 101 through 110

   -0.0000    0.0014    0.0014    0.0004   -0.0007   -0.0010   -0.0005    0.0002    0.0007    0.0005

  Columns 111 through 120

    0.0000   -0.0004   -0.0004   -0.0001    0.0002    0.0002    0.0001   -0.0000   -0.0001   -0.0001

  Column 121

   -0.0000

>> b2 = round(b1*32768)

b2 =

  Columns 1 through 8

           0          -2          -3          -1           3           7           5          -3

  Columns 9 through 16

         -12         -12           0          16          22           8         -18         -34

  Columns 17 through 24

         -23          13          47          44           0         -55         -72         -26

  Columns 25 through 32

          54         102          66         -38        -128        -119           0         142

  Columns 33 through 40

         183          65        -134        -247        -158          90         302         279

  Columns 41 through 48

           0        -330        -423        -150         311         579         374        -216

  Columns 49 through 56

        -736        -696           0         878        1178         443        -993       -2045

  Columns 57 through 64

       -1513        1067        4945        8433        9831        8433        4945        1067

  Columns 65 through 72

       -1513       -2045        -993         443        1178         878           0        -696

  Columns 73 through 80

        -736        -216         374         579         311        -150        -423        -330

  Columns 81 through 88

           0         279         302          90        -158        -247        -134          65

  Columns 89 through 96

         183         142           0        -119        -128         -38          66         102

  Columns 97 through 104

          54         -26         -72         -55           0          44          47          13

  Columns 105 through 112

         -23         -34         -18           8          22          16           0         -12

  Columns 113 through 120

         -12          -3           5           7           3          -1          -3          -2

  Column 121

           0